% Node: 1 to 21
x = [0 10.0 0.5 1.0 1.5 2.0 2.5 3.0 3.5 4.0 4.5 5.0 5.5 6.0 6.5 7.0 7.5 ...
    8.0 8.5 9.0 9.5];

% connectivity array 
IEN = [1 3; 3 4; 4 5; 5 6; 6 7; 7 8; 8 9; 9 10; 10 11; 11 12; 12 13; ...
    13 14; 14 15; 15 16; 16 17; 17 18; 18 19; 19 20; 20 21; 21 2]';